//heen
20 22 23 24#20,21,22,23,24#21
21 23 24 25#21,22,23,24,25#22
22 24 25 26#22,23,24,25,26#23
23 24 26 27#23,24,25,26,27#25
24 25 26 28#24,25,26,27,28#27
25 27 28 29#25,26,27,28,29#26
26 27 28 30#26,27,28,29,30#29
27 28 30 31#27,28,29,30,31#29
28 29 30 32#28,29,30,31,32#31
29 31 32 33#29,30,31,32,33#30
30 32 33 34#30,31,32,33,34#31
31 32 33 35#31,32,33,34,35#34
32 33 35 36#32,33,34,35,36#34
33 35 36 37#33,34,35,36,37#34
34 36 37 38#34,35,36,37,38#35
35 36 37 39#35,36,37,38,39#38
36 38 39 40#36,37,38,39,40#37
37 38 40 41#37,38,39,40,41#39
38 40 41 42#38,39,40,41,42#39
39 41 42 43#39,40,41,42,43#40
40 41 42 44#40,41,42,43,44#43
41 42 43 45#41,42,43,44,45#44
42 43 44 46#42,43,44,45,46#45
43 45 46 47#43,44,45,46,47#44
44 46 47 48#44,45,46,47,48#45
45 46 48 49#45,46,47,48,49#47
46 47 48 50#46,47,48,49,50#49
47 48 50 51#47,48,49,50,51#49
48 49 50 52#48,49,50,51,52#51
49 50 52 53#49,50,51,52,53#51
50 51 52 54#50,51,52,53,54#53
51 52 54 55#51,52,53,54,55#53
52 53 55 56#52,53,54,55,56#54
53 54 55 57#53,54,55,56,57#56
54 55 57 58#54,55,56,57,58#56
55 56 58 59#55,56,57,58,59#57
56 57 59 60#56,57,58,59,60#58
57 58 60 61#57,58,59,60,61#59
58 59 61 62#58,59,60,61,62#60
59 60 62 63#59,60,61,62,63#61
60 62 63 64#60,61,62,63,64#61
61 63 64 65#61,62,63,64,65#62
62 64 65 66#62,63,64,65,66#63
63 64 66 67#63,64,65,66,67#65
64 66 67 68#64,65,66,67,68#65
65 66 67 69#65,66,67,68,69#68
66 67 69 70#66,67,68,69,70#68
67 69 70 71#67,68,69,70,71#68
68 69 70 72#68,69,70,71,72#71
69 71 72 73#69,70,71,72,73#70
70 72 73 74#70,71,72,73,74#71
71 72 73 75#71,72,73,74,75#74
72 74 75 76#72,73,74,75,76#73
73 74 75 77#73,74,75,76,77#76
74 76 77 78#74,75,76,77,78#75
75 76 78 79#75,76,77,78,79#77
76 77 79 80#76,77,78,79,80#78
77 78 80 81#77,78,79,80,81#79
78 80 81 82#78,79,80,81,82#79
79 80 81 83#79,80,81,82,83#82
80 81 82 84#80,81,82,83,84#83
81 83 84 85#81,82,83,84,85#82
82 83 85 86#82,83,84,85,86#84
83 84 85 87#83,84,85,86,87#86
84 85 87 88#84,85,86,87,88#86
85 87 88 89#85,86,87,88,89#86
86 88 89 90#86,87,88,89,90#87
87 88 89 91#87,88,89,90,91#90
88 89 90 92#88,89,90,91,92#91
89 90 92 93#89,90,91,92,93#91
90 91 93 94#90,91,92,93,94#92
91 92 94 95#91,92,93,94,95#93
92 94 95 96#92,93,94,95,96#93
93 94 96 97#93,94,95,96,97#95
94 95 97 98#94,95,96,97,98#96
95 96 97 99#95,96,97,98,99#98
96 97 99 100#96,97,98,99,100#98
