//3 telrij.ps frm:1 spn:10 max:20 spr:3 stp:1
1 2 3 4##F
2 3 4 5##F
3 4 5 6##F
4 5 6 7##F
5 6 7 8##F
6 7 8 9##F
7 8 9 10##F
1 2 3 4 5##F
2 3 4 5 6##F
3 4 5 6 7##F
4 5 6 7 8##F
5 6 7 8 9##F
6 7 8 9 10##F
1 2 3 4 5 6##F
2 3 4 5 6 7##F
3 4 5 6 7 8##F
4 5 6 7 8 9##F
5 6 7 8 9 10##F
1 2 3 4 5 6 7##F
2 3 4 5 6 7 8##F
3 4 5 6 7 8 9##F
4 5 6 7 8 9 10##F
1 2 3 4 5 6 7 8##F
2 3 4 5 6 7 8 9##F
3 4 5 6 7 8 9 10##F
1 2 3 4 5 6 7 8 9##F
2 3 4 5 6 7 8 9 10##F
1 2 3 4 5 6 7 8 9 10##F
2 4 6 8##T
2 4 6 8##T
2 4 6 8##T
2 4 6 8##T
2 4 6 8##T
2 4 6 8##T
2 4 6 8##T
2 4 6 8##T
2 4 6 8##T
2 4 6 8##T
4 6 8 10##T
4 6 8 10##T
4 6 8 10##T
4 6 8 10##T
4 6 8 10##T
4 6 8 10##T
4 6 8 10##T
4 6 8 10##T
4 6 8 10##T
4 6 8 10##T
6 8 10 12##T
6 8 10 12##T
6 8 10 12##T
6 8 10 12##T
6 8 10 12##T
6 8 10 12##T
6 8 10 12##T
6 8 10 12##T
6 8 10 12##T
6 8 10 12##T
8 10 12 14##T
8 10 12 14##T
8 10 12 14##T
8 10 12 14##T
8 10 12 14##T
8 10 12 14##T
8 10 12 14##T
8 10 12 14##T
8 10 12 14##T
8 10 12 14##T
10 12 14 16##T
10 12 14 16##T
10 12 14 16##T
10 12 14 16##T
10 12 14 16##T
10 12 14 16##T
10 12 14 16##T
10 12 14 16##T
10 12 14 16##T
10 12 14 16##T
12 14 16 18##T
12 14 16 18##T
12 14 16 18##T
12 14 16 18##T
12 14 16 18##T
12 14 16 18##T
12 14 16 18##T
12 14 16 18##T
12 14 16 18##T
12 14 16 18##T
14 16 18 20##T
14 16 18 20##T
14 16 18 20##T
14 16 18 20##T
14 16 18 20##T
14 16 18 20##T
14 16 18 20##T
14 16 18 20##T
14 16 18 20##T
14 16 18 20##T
2 4 6 8 10##T
2 4 6 8 10##T
2 4 6 8 10##T
2 4 6 8 10##T
2 4 6 8 10##T
2 4 6 8 10##T
2 4 6 8 10##T
2 4 6 8 10##T
2 4 6 8 10##T
2 4 6 8 10##T
4 6 8 10 12##T
4 6 8 10 12##T
4 6 8 10 12##T
4 6 8 10 12##T
4 6 8 10 12##T
4 6 8 10 12##T
4 6 8 10 12##T
4 6 8 10 12##T
4 6 8 10 12##T
4 6 8 10 12##T
6 8 10 12 14##T
6 8 10 12 14##T
6 8 10 12 14##T
6 8 10 12 14##T
6 8 10 12 14##T
6 8 10 12 14##T
6 8 10 12 14##T
6 8 10 12 14##T
6 8 10 12 14##T
6 8 10 12 14##T
8 10 12 14 16##T
8 10 12 14 16##T
8 10 12 14 16##T
8 10 12 14 16##T
8 10 12 14 16##T
8 10 12 14 16##T
8 10 12 14 16##T
8 10 12 14 16##T
8 10 12 14 16##T
8 10 12 14 16##T
10 12 14 16 18##T
10 12 14 16 18##T
10 12 14 16 18##T
10 12 14 16 18##T
10 12 14 16 18##T
10 12 14 16 18##T
10 12 14 16 18##T
10 12 14 16 18##T
10 12 14 16 18##T
10 12 14 16 18##T
12 14 16 18 20##T
12 14 16 18 20##T
12 14 16 18 20##T
12 14 16 18 20##T
12 14 16 18 20##T
12 14 16 18 20##T
12 14 16 18 20##T
12 14 16 18 20##T
12 14 16 18 20##T
12 14 16 18 20##T
2 4 6 8 10 12##T
2 4 6 8 10 12##T
2 4 6 8 10 12##T
2 4 6 8 10 12##T
2 4 6 8 10 12##T
2 4 6 8 10 12##T
2 4 6 8 10 12##T
2 4 6 8 10 12##T
2 4 6 8 10 12##T
2 4 6 8 10 12##T
4 6 8 10 12 14##T
4 6 8 10 12 14##T
4 6 8 10 12 14##T
4 6 8 10 12 14##T
4 6 8 10 12 14##T
4 6 8 10 12 14##T
4 6 8 10 12 14##T
4 6 8 10 12 14##T
4 6 8 10 12 14##T
4 6 8 10 12 14##T
6 8 10 12 14 16##T
6 8 10 12 14 16##T
6 8 10 12 14 16##T
6 8 10 12 14 16##T
6 8 10 12 14 16##T
6 8 10 12 14 16##T
6 8 10 12 14 16##T
6 8 10 12 14 16##T
6 8 10 12 14 16##T
6 8 10 12 14 16##T
8 10 12 14 16 18##T
8 10 12 14 16 18##T
8 10 12 14 16 18##T
8 10 12 14 16 18##T
8 10 12 14 16 18##T
8 10 12 14 16 18##T
8 10 12 14 16 18##T
8 10 12 14 16 18##T
8 10 12 14 16 18##T
8 10 12 14 16 18##T
10 12 14 16 18 20##T
10 12 14 16 18 20##T
10 12 14 16 18 20##T
10 12 14 16 18 20##T
10 12 14 16 18 20##T
10 12 14 16 18 20##T
10 12 14 16 18 20##T
10 12 14 16 18 20##T
10 12 14 16 18 20##T
10 12 14 16 18 20##T
2 4 6 8 10 12 14##T
2 4 6 8 10 12 14##T
2 4 6 8 10 12 14##T
2 4 6 8 10 12 14##T
2 4 6 8 10 12 14##T
2 4 6 8 10 12 14##T
2 4 6 8 10 12 14##T
2 4 6 8 10 12 14##T
2 4 6 8 10 12 14##T
2 4 6 8 10 12 14##T
4 6 8 10 12 14 16##T
4 6 8 10 12 14 16##T
4 6 8 10 12 14 16##T
4 6 8 10 12 14 16##T
4 6 8 10 12 14 16##T
4 6 8 10 12 14 16##T
4 6 8 10 12 14 16##T
4 6 8 10 12 14 16##T
4 6 8 10 12 14 16##T
4 6 8 10 12 14 16##T
6 8 10 12 14 16 18##T
6 8 10 12 14 16 18##T
6 8 10 12 14 16 18##T
6 8 10 12 14 16 18##T
6 8 10 12 14 16 18##T
6 8 10 12 14 16 18##T
6 8 10 12 14 16 18##T
6 8 10 12 14 16 18##T
6 8 10 12 14 16 18##T
6 8 10 12 14 16 18##T
8 10 12 14 16 18 20##T
8 10 12 14 16 18 20##T
8 10 12 14 16 18 20##T
8 10 12 14 16 18 20##T
8 10 12 14 16 18 20##T
8 10 12 14 16 18 20##T
8 10 12 14 16 18 20##T
8 10 12 14 16 18 20##T
8 10 12 14 16 18 20##T
8 10 12 14 16 18 20##T
2 4 6 8 10 12 14 16##T
2 4 6 8 10 12 14 16##T
2 4 6 8 10 12 14 16##T
2 4 6 8 10 12 14 16##T
2 4 6 8 10 12 14 16##T
2 4 6 8 10 12 14 16##T
2 4 6 8 10 12 14 16##T
2 4 6 8 10 12 14 16##T
2 4 6 8 10 12 14 16##T
2 4 6 8 10 12 14 16##T
4 6 8 10 12 14 16 18##T
4 6 8 10 12 14 16 18##T
4 6 8 10 12 14 16 18##T
4 6 8 10 12 14 16 18##T
4 6 8 10 12 14 16 18##T
4 6 8 10 12 14 16 18##T
4 6 8 10 12 14 16 18##T
4 6 8 10 12 14 16 18##T
4 6 8 10 12 14 16 18##T
4 6 8 10 12 14 16 18##T
6 8 10 12 14 16 18 20##T
6 8 10 12 14 16 18 20##T
6 8 10 12 14 16 18 20##T
6 8 10 12 14 16 18 20##T
6 8 10 12 14 16 18 20##T
6 8 10 12 14 16 18 20##T
6 8 10 12 14 16 18 20##T
6 8 10 12 14 16 18 20##T
6 8 10 12 14 16 18 20##T
6 8 10 12 14 16 18 20##T
2 4 6 8 10 12 14 16 18##T
2 4 6 8 10 12 14 16 18##T
2 4 6 8 10 12 14 16 18##T
2 4 6 8 10 12 14 16 18##T
2 4 6 8 10 12 14 16 18##T
2 4 6 8 10 12 14 16 18##T
2 4 6 8 10 12 14 16 18##T
2 4 6 8 10 12 14 16 18##T
2 4 6 8 10 12 14 16 18##T
2 4 6 8 10 12 14 16 18##T
4 6 8 10 12 14 16 18 20##T
4 6 8 10 12 14 16 18 20##T
4 6 8 10 12 14 16 18 20##T
4 6 8 10 12 14 16 18 20##T
4 6 8 10 12 14 16 18 20##T
4 6 8 10 12 14 16 18 20##T
4 6 8 10 12 14 16 18 20##T
4 6 8 10 12 14 16 18 20##T
4 6 8 10 12 14 16 18 20##T
4 6 8 10 12 14 16 18 20##T
2 4 6 8 10 12 14 16 18 20##T
2 4 6 8 10 12 14 16 18 20##T
2 4 6 8 10 12 14 16 18 20##T
2 4 6 8 10 12 14 16 18 20##T
2 4 6 8 10 12 14 16 18 20##T
2 4 6 8 10 12 14 16 18 20##T
2 4 6 8 10 12 14 16 18 20##T
2 4 6 8 10 12 14 16 18 20##T
2 4 6 8 10 12 14 16 18 20##T
2 4 6 8 10 12 14 16 18 20##T
3 6 9 12##F
6 9 12 15##F
9 12 15 18##F
12 15 18 21##F
15 18 21 24##F
18 21 24 27##F
21 24 27 30##F
3 6 9 12 15##F
6 9 12 15 18##F
9 12 15 18 21##F
12 15 18 21 24##F
15 18 21 24 27##F
18 21 24 27 30##F
3 6 9 12 15 18##F
6 9 12 15 18 21##F
9 12 15 18 21 24##F
12 15 18 21 24 27##F
15 18 21 24 27 30##F
3 6 9 12 15 18 21##F
6 9 12 15 18 21 24##F
9 12 15 18 21 24 27##F
12 15 18 21 24 27 30##F
3 6 9 12 15 18 21 24##F
6 9 12 15 18 21 24 27##F
9 12 15 18 21 24 27 30##F
3 6 9 12 15 18 21 24 27##F
6 9 12 15 18 21 24 27 30##F
3 6 9 12 15 18 21 24 27 30##F
4 8 12 16##F
8 12 16 20##F
12 16 20 24##F
16 20 24 28##F
20 24 28 32##F
24 28 32 36##F
28 32 36 40##F
4 8 12 16 20##F
8 12 16 20 24##F
12 16 20 24 28##F
16 20 24 28 32##F
20 24 28 32 36##F
24 28 32 36 40##F
4 8 12 16 20 24##F
8 12 16 20 24 28##F
12 16 20 24 28 32##F
16 20 24 28 32 36##F
20 24 28 32 36 40##F
4 8 12 16 20 24 28##F
8 12 16 20 24 28 32##F
12 16 20 24 28 32 36##F
16 20 24 28 32 36 40##F
4 8 12 16 20 24 28 32##F
8 12 16 20 24 28 32 36##F
12 16 20 24 28 32 36 40##F
4 8 12 16 20 24 28 32 36##F
8 12 16 20 24 28 32 36 40##F
4 8 12 16 20 24 28 32 36 40##F
5 10 15 20##F
10 15 20 25##F
15 20 25 30##F
20 25 30 35##F
25 30 35 40##F
30 35 40 45##F
35 40 45 50##F
5 10 15 20 25##F
10 15 20 25 30##F
15 20 25 30 35##F
20 25 30 35 40##F
25 30 35 40 45##F
30 35 40 45 50##F
5 10 15 20 25 30##F
10 15 20 25 30 35##F
15 20 25 30 35 40##F
20 25 30 35 40 45##F
25 30 35 40 45 50##F
5 10 15 20 25 30 35##F
10 15 20 25 30 35 40##F
15 20 25 30 35 40 45##F
20 25 30 35 40 45 50##F
5 10 15 20 25 30 35 40##F
10 15 20 25 30 35 40 45##F
15 20 25 30 35 40 45 50##F
5 10 15 20 25 30 35 40 45##F
10 15 20 25 30 35 40 45 50##F
5 10 15 20 25 30 35 40 45 50##F
6 12 18 24##F
12 18 24 30##F
18 24 30 36##F
24 30 36 42##F
30 36 42 48##F
36 42 48 54##F
42 48 54 60##F
6 12 18 24 30##F
12 18 24 30 36##F
18 24 30 36 42##F
24 30 36 42 48##F
30 36 42 48 54##F
36 42 48 54 60##F
6 12 18 24 30 36##F
12 18 24 30 36 42##F
18 24 30 36 42 48##F
24 30 36 42 48 54##F
30 36 42 48 54 60##F
6 12 18 24 30 36 42##F
12 18 24 30 36 42 48##F
18 24 30 36 42 48 54##F
24 30 36 42 48 54 60##F
6 12 18 24 30 36 42 48##F
12 18 24 30 36 42 48 54##F
18 24 30 36 42 48 54 60##F
6 12 18 24 30 36 42 48 54##F
12 18 24 30 36 42 48 54 60##F
6 12 18 24 30 36 42 48 54 60##F
7 14 21 28##F
14 21 28 35##F
21 28 35 42##F
28 35 42 49##F
35 42 49 56##F
42 49 56 63##F
49 56 63 70##F
7 14 21 28 35##F
14 21 28 35 42##F
21 28 35 42 49##F
28 35 42 49 56##F
35 42 49 56 63##F
42 49 56 63 70##F
7 14 21 28 35 42##F
14 21 28 35 42 49##F
21 28 35 42 49 56##F
28 35 42 49 56 63##F
35 42 49 56 63 70##F
7 14 21 28 35 42 49##F
14 21 28 35 42 49 56##F
21 28 35 42 49 56 63##F
28 35 42 49 56 63 70##F
7 14 21 28 35 42 49 56##F
14 21 28 35 42 49 56 63##F
21 28 35 42 49 56 63 70##F
7 14 21 28 35 42 49 56 63##F
14 21 28 35 42 49 56 63 70##F
7 14 21 28 35 42 49 56 63 70##F
8 16 24 32##F
16 24 32 40##F
24 32 40 48##F
32 40 48 56##F
40 48 56 64##F
48 56 64 72##F
56 64 72 80##F
8 16 24 32 40##F
16 24 32 40 48##F
24 32 40 48 56##F
32 40 48 56 64##F
40 48 56 64 72##F
48 56 64 72 80##F
8 16 24 32 40 48##F
16 24 32 40 48 56##F
24 32 40 48 56 64##F
32 40 48 56 64 72##F
40 48 56 64 72 80##F
8 16 24 32 40 48 56##F
16 24 32 40 48 56 64##F
24 32 40 48 56 64 72##F
32 40 48 56 64 72 80##F
8 16 24 32 40 48 56 64##F
16 24 32 40 48 56 64 72##F
24 32 40 48 56 64 72 80##F
8 16 24 32 40 48 56 64 72##F
16 24 32 40 48 56 64 72 80##F
8 16 24 32 40 48 56 64 72 80##F
9 18 27 36##F
18 27 36 45##F
27 36 45 54##F
36 45 54 63##F
45 54 63 72##F
54 63 72 81##F
63 72 81 90##F
9 18 27 36 45##F
18 27 36 45 54##F
27 36 45 54 63##F
36 45 54 63 72##F
45 54 63 72 81##F
54 63 72 81 90##F
9 18 27 36 45 54##F
18 27 36 45 54 63##F
27 36 45 54 63 72##F
36 45 54 63 72 81##F
45 54 63 72 81 90##F
9 18 27 36 45 54 63##F
18 27 36 45 54 63 72##F
27 36 45 54 63 72 81##F
36 45 54 63 72 81 90##F
9 18 27 36 45 54 63 72##F
18 27 36 45 54 63 72 81##F
27 36 45 54 63 72 81 90##F
9 18 27 36 45 54 63 72 81##F
18 27 36 45 54 63 72 81 90##F
9 18 27 36 45 54 63 72 81 90##F
10 20 30 40##F
20 30 40 50##F
30 40 50 60##F
40 50 60 70##F
50 60 70 80##F
60 70 80 90##F
70 80 90 100##F
10 20 30 40 50##F
20 30 40 50 60##F
30 40 50 60 70##F
40 50 60 70 80##F
50 60 70 80 90##F
60 70 80 90 100##F
10 20 30 40 50 60##F
20 30 40 50 60 70##F
30 40 50 60 70 80##F
40 50 60 70 80 90##F
50 60 70 80 90 100##F
10 20 30 40 50 60 70##F
20 30 40 50 60 70 80##F
30 40 50 60 70 80 90##F
40 50 60 70 80 90 100##F
10 20 30 40 50 60 70 80##F
20 30 40 50 60 70 80 90##F
30 40 50 60 70 80 90 100##F
10 20 30 40 50 60 70 80 90##F
20 30 40 50 60 70 80 90 100##F
10 20 30 40 50 60 70 80 90 100##F

//Saved to ..\output\3 telrij.txt
